156.25 0.1 0.01608 
312.5 0.1 0.01973 
625.0 0.1 0.02384 
1250.0 0.1 0.02952 
2500.0 0.1 0.03948 
5000.0 0.1 0.0556 
10000.0 0.1 0.07627 
20000.0 0.1 0.11149 
40000.0 0.1 0.16931 
80000.0 0.1 0.25203 
156.25 0.2 0.0143 
312.5 0.2 0.01778 
625.0 0.2 0.02087 
1250.0 0.2 0.02593 
2500.0 0.2 0.0344 
5000.0 0.2 0.04605 
10000.0 0.2 0.06267 
20000.0 0.2 0.09414 
40000.0 0.2 0.14296 
80000.0 0.2 0.2286 
156.25 0.3 0.01401 
312.5 0.3 0.01679 
625.0 0.3 0.01986 
1250.0 0.3 0.02373 
2500.0 0.3 0.02958 
5000.0 0.3 0.04187 
10000.0 0.3 0.05782 
20000.0 0.3 0.08686 
40000.0 0.3 0.13464 
80000.0 0.3 0.21518 
156.25 0.4 0.0141 
312.5 0.4 0.01675 
625.0 0.4 0.01834 
1250.0 0.4 0.02293 
2500.0 0.4 0.02961 
5000.0 0.4 0.03965 
10000.0 0.4 0.05644 
20000.0 0.4 0.0831 
40000.0 0.4 0.12887 
80000.0 0.4 0.20771 
156.25 0.5 0.01391 
312.5 0.5 0.01617 
625.0 0.5 0.01839 
1250.0 0.5 0.02226 
2500.0 0.5 0.02825 
5000.0 0.5 0.03953 
10000.0 0.5 0.05585 
20000.0 0.5 0.08257 
40000.0 0.5 0.12748 
80000.0 0.5 0.20534 
156.25 0.6 0.01383 
312.5 0.6 0.01523 
625.0 0.6 0.01843 
1250.0 0.6 0.0228 
2500.0 0.6 0.0288 
5000.0 0.6 0.03806 
10000.0 0.6 0.05413 
20000.0 0.6 0.08008 
40000.0 0.6 0.1234 
80000.0 0.6 0.20588 
156.25 0.7 0.01314 
312.5 0.7 0.01521 
625.0 0.7 0.0178 
1250.0 0.7 0.02164 
2500.0 0.7 0.02872 
5000.0 0.7 0.0376 
10000.0 0.7 0.05385 
20000.0 0.7 0.07801 
40000.0 0.7 0.12357 
80000.0 0.7 0.20108 
156.25 0.8 0.01391 
312.5 0.8 0.01598 
625.0 0.8 0.01788 
1250.0 0.8 0.02221 
2500.0 0.8 0.02783 
5000.0 0.8 0.03684 
10000.0 0.8 0.05233 
20000.0 0.8 0.0782 
40000.0 0.8 0.12364 
80000.0 0.8 0.20089 
156.25 0.9 0.01389 
312.5 0.9 0.01556 
625.0 0.9 0.01783 
1250.0 0.9 0.02136 
2500.0 0.9 0.02787 
5000.0 0.9 0.03681 
10000.0 0.9 0.05309 
20000.0 0.9 0.0792 
40000.0 0.9 0.12111 
80000.0 0.9 0.20119 
156.25 1.0 0.01366 
312.5 1.0 0.01542 
625.0 1.0 0.0182 
1250.0 1.0 0.02116 
2500.0 1.0 0.02781 
5000.0 1.0 0.03803 
10000.0 1.0 0.05351 
20000.0 1.0 0.07749 
40000.0 1.0 0.12446 
80000.0 1.0 0.20224 
